Pop	Num	k	BIC	BIC_diff	LRT_p_value	LRT_p_value_formatted
C021-CHA-S01_2-Pat	68	1	-38.08556193466606	NA	NA	NA
C021-CHA-S01_2-Pat	68	2	-38.81719595687464	-0.7316340222085813	0.0038645280361627	0.003865
C021-CHA-S01_2-Pat	68	3	-43.340460352213874	-4.523264395339233	6.484317860855537e-4	6.48e-4
C027-CHA-S07-Mat	47	1	-18.980101319389625	NA	NA	NA
C027-CHA-S07-Mat	47	2	-17.750161013511033	1.2299403058785927	0.01602930272138694	0.016029
C027-CHA-S07-Mat	47	3	-22.565281054244764	-4.815120040733731	9.541469961994038e-4	9.54e-4
C088-CHA-C08-Mat	57	1	-40.56387665691211	NA	NA	NA
C088-CHA-C08-Mat	57	2	-37.70620784156199	2.8576688153501166	0.02589085507743124	0.02589
C088-CHA-C08-Mat	57	3	-41.62098492448472	-3.9147770829227326	0.00111070766832405	0.00111
C130-CYI02-Mat	72	1	-29.12682283049454	NA	NA	NA
C130-CYI02-Mat	72	2	-32.186921317757324	-3.0600984872627848	0.00119435933248578	0.001194
C130-CYI02-Mat	72	3	-35.792519511101	-3.605598193343674	9.230781207995608e-4	9.23e-4
C152-CKZ06-Mat	47	1	-25.129544386175603	NA	NA	NA
C152-CKZ06-Mat	47	2	-28.183771952917	-3.054227566741396	0.00218763399379883	0.002188
C152-CKZ06-Mat	47	3	-34.15268450134297	-5.968912548425969	5.525461436800264e-4	5.53e-4
HG02106_hap2	72	1	-43.767017068486474	NA	NA	NA
HG02106_hap2	72	2	-57.642797630408126	-13.875780561921651	6.7856327306435416e-6	6.79e-6
HG02106_hap2	72	3	-58.557575959149766	-0.9147783287416402	0.00327396542455946	0.00327
